9 2931
12 289
11 622
11 718
10 1998
11 1743
12 626
12 366
11 786
11 6684
12 611
12 2228
11 2922
11 1499
11 699
10 844
12 554
11 8099
11 2484
10 2801
12 1677
12 1518
12 880
11 1024
12 3334
12 975
12 280
11 2269
10 3466
9 1173
11 1502
9 998
9 1565
10 1102
11 1069
11 1282
10 1863
9 7021
11 3287
10 637
12 737
11 5102
12 1613
11 1152
11 1245
12 1174
12 4132
11 580
11 1278
10 690
11 380
10 903
11 613
11 1340
11 7776
11 1055
9 3950
10 1708
9 789
9 3921
12 3026
11 4618
10 555
12 2137
12 1989
11 2929
10 9666
9 281
9 409
11 761
11 1659
9 1357
8 1013
9 1185
10 1139
9 1197
12 891
9 1167
8 1048
11 1267
12 658
11 678
11 5365
10 676
12 567
12 608
11 868
12 562
11 1651
12 861
12 842
11 873
11 7265
9 1660
12 1643
12 846
11 1181
10 800
11 808
8 1432
9 1269
10 4038
11 4008
11 3191
9 4354
9 1608
9 804
10 2480
9 1990
9 200
10 548
11 1414
10 1229
9 997
10 1745
11 1909
9 1918
9 4285
11 5328
9 3877
12 2346
12 2978
11 11739
11 787
11 515
11 794
12 593
12 555
12 703
12 943
9 1120
9 223
11 1828
10 690
12 608
12 5394
11 1215
9 2552
10 2558
9 10030
9 1440
9 256
9 1550
10 1731
9 1326
9 560
9 1827
11 1126
11 910
9 1228
11 1800
11 1236
9 3289
10 1602
9 888
10 2428
11 854
11 1226
12 1115
12 1398
10 1331
11 1175
11 1213
12 1183
12 1380
12 798
11 874
12 1090
12 2495
11 2167
12 1551
12 907
11 1049
11 226
11 939
9 3484
8 249
9 245
9 1522
11 18630
11 595
9 1068
11 1294
10 1344
9 3523
11 848
9 2021
9 1268
11 820
11 1047
11 579
11 719
11 750
9 1610
10 2806
11 1959
10 2011
11 2171
11 1995
12 5113
9 2300
9 240
9 824
9 937
9 1652
9 3574
9 774
9 1534
9 271
9 226
9 252
9 964
10 562
9 1799
9 12099
9 1802
8 1449
9 1592
11 738
12 719
11 737
12 713
12 1302
12 1116
11 3127
11 2705
12 652
11 1088
12 605
12 1611
12 912
12 4467
11 583
12 2215
11 887
12 11666
11 3411
11 1858
11 1675
10 1638
9 647
9 237
9 11206
10 1655
10 944
11 125
11 1213
8 888
10 2088
11 2565
9 1516
9 2218
9 3320
9 1909
12 1030
12 558
12 794
12 1826
12 1000
11 1709
12 612
12 2380
12 1311
13 7940
13 9680
9 3731
9 4494
11 2528
9 3900
9 2862
8 334
9 2043
10 2203
11 5029
9 920
9 206
10 407
10 538
9 17550
9 3589
9 5431
9 2165
9 551
9 3494
9 1805
8 272
9 5012
9 6147
9 7968
9 4529
10 2020
9 2485
9 6630
9 812
9 781
9 1288
9 649
9 1900
9 726
9 11097
8 682
9 2681
9 2458
9 2434
9 9972
11 3613
9 3825
8 5903
9 804
9 948
9 1133
9 4656
11 3380
9 14349
9 2293
9 2547
10 4874
11 4903
11 3207
9 6693
9 5769
12 11028
11 11054
10 16391
9 4654
9 1931
10 3725
11 4174
9 1986
9 3765
9 2668
8 6537
10 4415
9 3910
9 4102
9 4655
9 4414
9 3840
9 417
9 550
9 5195
9 7608
9 5203
8 1694
9 872
9 2208
9 7200
9 866
9 1760
9 7830
9 1353
9 9077
9 2320
11 3935
11 4004
11 2332
12 1375
9 3498
8 579
9 441
11 3599
10 2274
9 10385
10 6592
9 8097
9 4079
9 4694
9 8038
9 5658
9 3575
9 4824
9 9497
9 2552
8 345
9 1002
8 445
9 2709
9 4301
9 6726
9 255
9 2640
9 3182
8 292
10 2165
9 1306
9 3616
9 1995
9 439
8 406
9 4074
9 4734
11 857
9 338
10 523
10 1585
9 1928
9 819
9 4922
12 2312
9 7967
10 16139
8 1953
9 4878
10 3751
12 11811
9 6993
9 14027
9 9598
11 9144
11 378
12 751
11 661
11 716
12 596
11 1858
9 1011
9 1316
8 7204
9 6742
8 8365
11 5598
11 2192
11 1913
9 1050
9 543
10 2361
11 1607
11 1557
10 3763
8 534
9 7043
10 3250
9 1329
9 825
12 679
12 726
11 1277
9 3377
11 2099
12 725
12 1441
12 660
9 742
8 863
9 907
9 3709
12 2501
12 2448
11 923
11 1284
12 1207
11 1193
12 1408
11 1600
10 504
11 4604
10 2433
9 2920
9 2208
10 726
9 295
9 941
9 1368
9 7955
11 1593
9 1925
11 1014
10 4280
9 7910
9 4452
11 672
12 995
9 614
10 1410
12 2622
11 2159
12 621
11 2539
11 1990
10 2071
10 8746
8 393
8 1616
12 1250
11 14980
11 2514
11 1169
12 5945
9 1533
11 565
11 1276
8 651
9 1643
9 1253
9 222
9 9698
11 8894
11 1703
8 883
10 659
10 1790
9 3018
11 3371
9 1722
12 1551
12 669
12 4306
11 732
12 309
12 7565
9 1210
8 1123
9 3027
9 1982
9 3504
9 3433
8 1373
8 588
11 933
8 7434
8 934
9 6934
10 717
9 1234
9 1542
9 769
10 877
9 351
9 316
10 1221
9 1589
8 256
8 1759
8 818
11 633
12 2737
12 12777
11 3375
11 1183
12 1488
11 4314
10 7536
12 249
11 755
12 1650
9 713
9 1222
11 3645
9 1569
9 286
8 643
9 2231
9 668
9 710
9 591
9 1283
8 1087
8 685
9 864
10 545
8 842
11 571
9 8256
11 2617
11 2709
9 1935
10 506
8 252
9 3820
9 2880
9 471
9 224
9 250
9 189
9 11597
9 3926
8 1908
9 1477
11 758
11 1828
11 995
9 1559
9 1160
9 291
9 245
9 216
9 1524
9 242
8 211
9 650
9 1579
9 933
11 1006
10 991
12 603
12 509
12 614
11 602
12 1113
12 800
12 590
12 553
11 655
11 9684
12 728
11 1220
11 2359
10 1552
9 1410
10 3174
12 2980
11 654
12 571
11 1110
11 1249
10 2339
11 1507
11 1095
9 1166
9 1138
10 236
11 1677
9 1584
11 794
11 787
9 462
10 900
9 965
9 194
10 677
12 729
11 792
12 1628
11 242
11 3293
12 608
11 1717
11 1688
11 13419
9 2228
9 899
9 637
9 426
9 525
10 545
9 1295
9 6164
8 4262
9 1491
9 2337
9 1211
9 1112
9 1532
9 1689
11 883
10 2477
9 2021
9 3256
10 1746
12 759
11 954
12 3172
9 1739
11 609
10 2340
12 3956
9 2629
12 850
12 1844
9 1622
11 1613
9 1447
8 986
10 618
9 356
9 2015
10 831
10 833
10 258
11 557
11 1528
11 729
9 565
8 615
10 914
8 1016
9 321
9 1652
9 986
9 683
11 286
12 557
10 1490
9 701
9 1094
12 5351
12 1773
11 1917
11 2533
12 16248
9 557
11 7536
10 1254
9 5181
10 986
9 4303
9 4010
9 3660
8 243
9 1619
9 1473
9 430
9 907
10 5241
10 1168
11 2695
12 1752
12 6350
11 9803
11 1724
12 589
12 2251
11 2709
11 1801
11 3148
11 3231
11 3791
11 2390
9 1676
11 1328
11 1056
9 834
9 3197
11 1764
11 2312
10 2071
9 1653
12 6865
12 1805
11 1684
12 1985
8 1087
9 1525
9 1550
9 2052
11 654
9 1918
9 224
9 578
12 561
12 7982
10 3730
10 186
10 6512
9 1679
8 205
10 1583
12 612
10 7494
9 1582
12 630
12 4572
12 4959
12 3013
11 741
9 453
9 181
9 270
9 1991
12 2380
11 903
10 2650
11 2150
12 3532
12 1961
9 845
8 521
9 1544
8 1552
9 1280
11 1387
9 1693
9 2321
10 2998
11 2236
10 3352
11 5705
12 5021
12 991
11 2768
11 3527
11 681
11 2610
12 5266
10 2113
10 5159
11 17282
10 7554
10 1162
11 1068
9 767
8 236
9 1153
10 5170
11 1462
11 1642
9 968
9 264
9 1119
9 941
9 1181
9 233
9 221
9 211
9 840
9 3558
9 258
9 660
9 2459
10 1169
11 3174
9 1661
10 2038
9 1625
9 670
8 250
9 4381
9 1400
9 275
9 627
9 1651
9 650
9 1518
9 1768
11 541
11 1452
10 5400
9 499
9 1634
9 873
11 907
11 1052
11 2285
10 735
9 1246
9 1217
9 327
9 1518
9 3050
9 3125
10 3024
9 6568
9 799
11 672
11 576
11 591
10 612
12 646
11 4102
11 1683
11 4627
12 910
11 4630
9 430
8 1640
11 678
10 572
9 2711
9 1471
12 3206
12 697
11 630
12 2076
12 2780
12 756
11 3723
9 571
9 831
11 911
9 1410
9 657
10 1076
8 596
11 977
9 1128
9 2792
11 2829
9 3651
9 1592
10 4372
12 596
12 1891
11 918
11 723
12 281
12 527
11 248
12 976
10 1488
9 1641
12 4075
11 717
12 3305
11 2108
10 768
9 257
9 296
9 2895
12 1213
12 1257
9 1840
12 1516
12 1795
11 566
12 1152
11 675
9 4478
12 935
12 551
11 842
11 994
9 1881
9 1139
9 203
9 970
10 1607
9 1336
8 264
9 4606
11 1332
12 555
11 678
11 299
12 699
11 282
9 1648
9 240
8 851
9 3766
9 938
9 2945
9 2276
9 8825
11 1988
9 2967
9 2303
10 302
11 4726
11 688
11 633
10 684
11 1157
9 484
11 2395
9 4002
9 2542
11 1187
12 1634
11 753
12 745
11 634
10 477
9 896
9 1661
10 1641
12 233
12 678
11 636
9 3115
9 2268
12 792
10 1288
11 2259
10 643
10 814
10 1248
9 989
10 929
12 1322
12 1662
12 1836
11 1171
12 1130
12 828
11 1522
10 1719
9 1553
9 368
10 1022
9 2063
11 525
9 1281
11 1364
12 1328
11 781
12 1422
12 1295
9 1783
8 868
12 913
12 783
12 3801
11 389
11 4052
11 1799
11 2521
11 597
11 12622
11 2588
10 930
9 1928
11 2343
12 1220
12 4404
12 1210
8 335
10 2117
10 1282
9 1950
9 1616
9 1002
9 1413
10 2338
9 1574
9 1959
11 2292
12 2250
12 679
12 1575
11 1068
10 7717
12 1399
12 5963
11 2658
11 1597
11 1367
12 1038
10 1659
10 4349
8 1893
9 208
9 1571
11 1553
10 1565
9 1043
10 3409
10 2538
9 2296
11 837
9 1898
10 3128
10 1170
9 1034
9 1551
9 1546
12 1237
10 1494
10 819
11 691
11 646
11 596
12 685
12 629
11 932
12 846
11 652
12 823
12 772
12 668
11 1680
11 1055
9 3182
10 1992
12 1500
12 898
12 2073
12 1361
9 1141
10 1552
9 1543
11 6067
10 1660
11 1826
11 2130
9 1278
9 928
9 1571
9 877
8 2122
9 4717
11 2794
11 1038
12 2346
12 546
11 1139
11 514
10 4749
12 624
12 5602
12 1219
11 2079
11 13083
10 3008
9 5516
10 1587
9 1583
10 1092
10 3058
11 1476
11 1169
11 805
12 724
12 625
12 956
11 722
12 715
11 843
12 1306
11 1664
12 1671
9 2648
9 1734
9 1441
10 685
10 1587
11 1037
11 1626
9 392
11 2011
9 3350
8 1116
11 221
9 3966
9 1470
10 1632
11 317
12 631
12 767
11 779
12 702
12 547
12 2752
11 3891
12 1625
12 869
12 929
11 669
12 957
11 1213
10 613
9 653
9 1554
9 1525
11 1804
10 3083
9 1163
11 1342
9 1392
11 443
11 589
10 1380
9 738
9 291
8 914
8 223
8 230
9 6310
9 1254
11 909
11 1129
12 1588
11 756
11 721
12 1363
11 2813
12 618
12 827
12 910
11 565
12 953
11 573
10 1643
10 2461
11 842
10 1221
9 1318
9 2268
12 3636
12 2181
11 7392
11 7014
9 1477
9 1632
9 760
11 1592
9 1268
9 2130
9 1065
11 5320
11 847
11 1774
10 1638
11 1668
9 3745
9 1906
11 734
11 776
9 1339
11 3635
11 627
11 827
11 626
9 1085
11 2929
9 2438
11 1543
9 474
11 1974
11 1503
9 901
9 987
9 1254
10 2205
10 474
10 2079
11 489
10 685
10 2537
9 2879
9 751
9 2290
11 3608
11 841
12 849
12 813
11 5159
11 1654
11 1705
11 2028
11 1884
11 1169
11 3029
9 2446
8 1249
8 829
9 4123
11 4662
11 1395
12 1613
8 1027
10 831
9 702
9 1273
9 479
9 4038
10 1330
9 2266
8 939
9 763
9 1633
11 640
9 782
11 663
11 603
11 721
11 614
12 870
11 1147
12 627
12 1714
11 3458
12 706
11 2480
8 2057
8 565
9 796
9 471
9 1688
9 703
9 2022
11 782
10 1153
11 1717
9 582
9 454
8 3294
9 633
9 432
9 1656
9 417
8 443
8 635
9 1899
9 6682
9 1256
9 1376
9 2351
11 1359
11 1168
12 4248
12 733
11 2206
11 944
11 1808
11 1588
12 850
12 1303
11 4852
9 7287
11 1689
11 1337
9 510
10 500
9 558
9 275
11 7867
12 1881
11 1867
10 3976
12 8094
9 1567
11 838
11 269
10 1788
11 1597
10 1823
10 1214
8 1551
9 1604
9 784
9 2409
9 1810
9 1108
9 348
9 618
11 1430
12 246
12 1690
12 2427
11 919
10 4203
9 1722
9 3793
8 1089
9 843
8 268
9 1244
8 254
8 695
9 773
9 891
9 258
9 243
9 5323
9 1563
9 1618
9 1909
9 837
10 1179
8 584
10 526
8 871
9 1274
11 1001
9 5601
9 2047
9 1637
10 8225
12 10382
11 632
11 1556
11 1417
12 1848
10 2110
12 1871
10 3249
11 6883
12 2769
9 4135
12 715
11 3108
10 1535
10 2989
12 888
12 1232
12 7858
11 10253
11 1734
12 1192
11 735
10 1138
9 1095
9 1086
9 785
9 931
8 9776
9 593
9 2535
12 1544
11 758
11 616
11 3973
10 2525
11 2125
12 543
11 1106
9 1298
11 256
11 152
10 404
10 11234
11 1043
12 1904
9 1328
9 586
10 2222
9 8821
12 612
12 582
11 10400
11 1811
11 952
9 845
11 787
9 4220
9 5121
9 386
9 1601
9 1583
10 2510
9 1057
11 1084
9 1589
10 1430
11 1372
12 593
12 1423
12 1114
12 632
11 1050
12 1002
12 2661
11 1641
12 8197
9 3993
11 3124
10 3989
9 251
8 220
9 1149
9 4086
9 4100
11 3970
9 13389
9 523
8 1909
9 1132
10 3123
10 1893
9 1576
8 855
8 652
8 830
8 246
9 1050
8 229
9 281
9 1146
8 1570
9 307
10 571
8 1152
9 628
8 1901
10 1869
9 1466
10 578
11 7120
11 7018
12 20205
11 1788
11 1857
12 1833
9 1792
11 10994
11 2267
11 1334
11 1178
8 297
8 4218
9 2770
9 5171
12 1443
11 1720
12 9336
11 2067
11 1202
9 722
10 1958
9 5390
9 563
8 752
9 790
10 1029
9 831
10 1772
12 654
11 1011
11 532
12 936
12 1766
12 998
12 650
11 828
11 1371
9 3586
9 1633
9 789
11 4069
10 1340
9 1735
9 497
8 1109
9 1231
9 1306
11 480
10 1717
11 4424
11 435
9 2532
9 1605
9 1061
9 1920
9 2525
9 761
11 715
12 1917
9 2112
9 2650
10 4575
11 668
12 598
12 794
11 554
11 763
12 518
12 632
11 2198
11 3917
9 5897
10 3291
8 303
10 2237
9 12859
8 1635
9 1409
9 647
10 845
9 664
9 243
9 1882
9 2580
11 1283
8 1416
11 612
9 3019
9 6937
11 1515
11 592
11 4893
12 580
12 629
10 846
10 3516
12 629
11 2100
8 918
9 3205
9 2068
9 1158
11 793
9 668
9 4262
9 1801
9 1093
8 521
9 2415
9 760
9 643
9 796
8 310
9 883
9 632
8 582
8 414
8 3326
9 788
9 3352
11 2590
9 735
12 2280
12 587
12 616
12 610
12 580
12 927
11 7537
12 8101
11 1652
11 4528
11 136
10 493
11 890
11 1173
8 313
9 1971
12 1633
12 1837
11 1736
12 5383
10 1667
11 466
11 2564
9 1765
9 1782
10 1569
11 379
9 763
11 1085
11 1038
12 1040
12 1562
11 1041
12 834
12 2070
11 809
12 999
12 953
11 740
11 235
12 267
10 1979
10 3477
11 2148
9 1640
10 847
9 10586
8 4311
9 3672
9 4076
8 1119
8 3281
8 1033
8 998
11 1608
9 997
9 619
9 234
9 1412
8 631
10 6926
11 2510
11 5231
11 3589
11 5523
9 651
9 1088
9 2604
9 1108
11 841
11 710
9 798
9 4746
9 1775
9 1291
11 1615
9 4266
8 3659
9 1735
10 3908
9 544
9 1251
11 1614
11 818
11 1371
9 903
9 1506
10 1394
11 577
10 538
12 746
12 672
11 656
12 758
11 664
12 701
11 675
11 1823
10 494
10 2890
12 1910
11 1942
11 2858
11 808
11 495
9 220
8 14556
10 625
11 1951
10 2091
12 1981
9 2809
8 1432
9 713
9 209
8 1456
9 1114
9 439
8 422
8 438
9 467
9 2874
9 776
9 1038
12 1668
12 632
12 827
11 599
11 611
12 620
12 2818
11 1913
9 1328
9 1370
8 1153
8 3429
9 496
9 249
8 236
10 4488
9 279
11 1668
11 2886
11 2187
10 1463
11 699
11 2754
9 833
9 3988
8 773
10 1518
10 4286
9 625
11 1279
9 1530
10 1096
11 1779
12 801
11 763
11 638
12 857
11 601
12 990
12 1944
12 602
12 618
12 5463
11 592
12 753
12 686
9 703
9 980
11 858
9 548
11 1937
10 3141
11 3586
11 2217
9 3549
9 1285
12 763
11 1308
11 907
12 650
9 774
9 236
9 1193
9 586
9 4297
9 1568
10 1141
9 1300
9 1130
11 1677
10 2317
12 1010
11 1315
11 1026
11 1165
9 1691
11 5962
11 1943
12 726
11 833
12 594
12 1562
12 1792
11 2499
11 4411
10 647
9 225
9 266
8 3987
9 1548
10 1111
9 1662
9 723
11 1406
11 5573
11 1449
11 952
11 678
9 2380
9 395
9 368
9 735
9 625
8 646
11 409
10 946
10 1549
11 1004
11 1172
11 781
12 1747
12 1171
12 6628
11 573
12 9789
11 655
11 1520
12 5295
11 2877
11 1701
11 5595
11 522
9 2532
10 3631
12 744
12 645
9 4050
11 804
12 12798
11 3195
12 1198
11 1246
11 7100
8 8435
9 3276
11 3919
11 1284
9 800
9 1100
9 572
9 1391
9 13436
9 12880
9 1281
12 3029
10 5507
12 947
11 2116
12 1110
12 1062
10 1992
11 923
12 9010
10 1297
10 4526
11 278
11 3242
9 1793
12 4637
11 275
8 2096
11 16221
11 1125
12 2320
11 1545
8 1906
11 3037
11 1365
9 626
9 10080
9 3106
11 2896
11 623
9 1241
9 1631
12 2048
10 6875
9 1187
12 1194
11 1153
12 1167
12 1272
11 3834
11 1861
11 6234
11 1633
12 2757
10 2895
11 3605
11 1569
11 653
8 259
9 2726
12 3957
11 2229
12 1386
11 987
11 564
11 1718
11 1215
9 1022
9 520
9 487
11 939
9 4122
12 725
11 959
10 1810
9 2722
11 2058
11 1329
12 1355
12 2355
11 288
11 3930
12 5365
11 3399
11 11565
12 5225
10 8507
12 2699
10 3883
11 7197
10 2252
10 1192
12 749
12 708
9 1472
11 646
9 3186
8 1274
9 1049
10 499
9 2032
11 1755
12 1724
11 896
11 1539
11 1040
11 1988
12 1108
12 1162
11 698
12 269
12 1247
11 5758
9 915
10 1949
11 1835
11 1955
11 1564
9 3608
9 1065
9 242
10 435
9 3880
9 1151
9 3938
9 1680
9 432
9 596
9 6875
10 5031
9 679
9 1560
10 703
9 587
10 701
11 925
9 1477
9 2076
11 627
12 2879
11 1559
9 2063
10 3481
11 1626
12 691
12 546
11 3104
11 301
11 2062
10 4560
10 2713
11 407
9 1901
11 848
9 1185
9 2051
10 2560
12 776
11 649
11 8387
11 1106
12 7554
10 1281
9 1276
11 627
8 552
12 2436
10 1863
9 1448
11 724
11 606
9 1314
9 1703
11 506
10 1526
9 1219
9 1693
9 1725
9 792
10 3067
12 783
12 662
11 1207
11 2314
9 2221
11 1802
11 1164
11 656
12 1271
10 4317
9 1181
9 3088
9 539
9 1243
9 1592
9 1562
9 407
9 1752
9 670
9 980
9 815
9 1925
8 1119
8 1629
11 1513
9 659
11 844
11 2886
10 1783
9 1756
9 1733
9 315
9 618
12 564
12 612
12 756
12 2638
10 1718
11 1215
10 832
12 656
12 585
11 593
11 757
11 8843
8 470
8 734
11 12134
12 582
11 823
9 631
11 1087
10 3749
9 2200
9 920
9 940
11 1524
8 1460
9 926
9 1576
11 661
11 1070
10 711
9 2842
11 1162
11 3873
12 3093
12 722
11 740
11 570
12 1195
12 539
12 819
11 1719
11 1792
10 3492
9 1630
11 665
10 5773
9 1995
9 1347
9 3720
9 1727
8 645
9 218
8 2455
9 1842
9 1280
11 601
10 568
8 1369
9 1659
9 1552
9 587
9 1548
11 1819
11 1944
11 2271
11 1309
12 8825
11 5117
12 6242
11 6908
9 1991
9 1451
9 1203
11 801
10 1737
8 1710
10 1000
12 870
10 1548
11 3314
9 2612
9 1593
9 1702
11 742
11 1185
11 398
11 1144
9 542
9 1400
9 1532
9 2563
12 1372
12 1852
9 863
9 773
11 1350
12 1849
11 11998
11 7608
12 4451
12 1558
11 1239
12 1591
10 6598
8 276
9 1755
9 1913
9 1042
9 622
9 580
9 1034
9 1441
9 1099
11 902
9 557
9 1567
11 1065
10 4103
11 1754
11 773
12 229
11 750
11 569
12 6185
11 1358
9 1444
9 4130
10 594
11 336
12 1813
12 2106
11 2709
9 1439
12 3939
12 1103
12 561
10 3699
10 5166
8 1698
9 1589
9 3261
9 2144
11 1714
9 230
9 1302
10 597
9 2390
10 1481
11 1507
9 1521
9 1532
11 1560
9 3587
9 1439
11 1377
11 590
11 682
11 779
11 2069
11 1943
12 890
12 5331
12 2846
12 1188
11 627
12 671
11 662
11 234
9 3226
11 5891
9 1786
9 1415
11 1221
10 1898
11 2446
11 2163
9 3408
8 1138
8 225
10 1606
9 249
9 4016
10 1084
10 3137
9 2432
10 4078
11 943
11 1090
12 574
11 881
12 646
11 586
12 988
12 1253
11 886
12 1266
12 328
11 2179
12 1126
12 1435
11 570
11 3231
11 5674
11 671
9 3732
10 1642
11 477
9 1093
9 1176
8 365
9 216
10 1649
9 803
10 535
11 520
9 1989
9 10712
9 1159
12 1184
11 602
11 591
11 1067
12 650
11 2919
11 888
11 2248
12 725
12 3261
12 568
11 747
12 2918
11 1564
11 1120
11 2020
9 923
9 3246
12 4527
12 2569
12 3247
12 675
11 1749
11 964
12 620
12 721
10 787
9 689
9 691
9 366
9 1304
9 6909
9 3782
9 2060
10 1251
10 716
12 584
11 738
11 8029
12 1878
11 2457
10 787
8 1430
9 229
9 477
9 1651
9 9240
9 7855
9 726
9 2417
9 1121
9 1003
8 1362
9 659
9 528
9 793
11 694
11 442
9 3295
10 1573
9 1198
9 284
9 2194
9 972
11 864
11 604
11 666
11 603
12 605
12 243
11 3760
9 1703
9 561
12 7666
11 4831
12 3903
12 1107
11 1650
11 684
11 1180
11 2153
9 3224
9 632
11 1418
12 2837
12 2259
10 1050
8 1614
10 443
11 1407
9 467
9 8000
9 946
9 5575
10 2092
9 2193
9 16197
10 2373
10 3379
9 7749
9 8218
11 1299
10 610
10 1608
11 2384
12 521
11 963
12 845
12 1152
12 1538
11 1919
10 898
9 2903
11 2178
11 1632
10 462
11 4992
12 2597
11 825
12 660
11 1864
10 1813
9 2132
9 1201
9 1981
9 1788
11 796
11 2077
11 4257
11 122
9 1276
9 894
11 496
11 645
11 564
12 621
10 649
11 1259
12 720
11 752
11 559
10 633
12 2885
11 7346
12 6710
11 4999
11 676
9 1983
12 1139
9 804
9 381
9 12667
11 3011
12 6128
9 1853
9 2254
12 895
10 648
12 1329
12 2761
11 1015
10 927
11 783
9 3331
9 459
9 1873
11 1561
11 974
9 4185
11 5546
12 3662
11 356
10 1661
11 645
11 239
12 1879
12 3986
12 702
12 729
9 480
10 1235
11 861
12 1162
12 853
11 840
11 980
11 1543
9 467
9 10364
12 3078
10 2049
12 2933
12 7151
12 983
11 2776
11 839
9 815
10 215
9 1268
9 581
11 1831
11 2940
8 1508
8 271
9 395
9 578
10 6017
11 818
11 786
11 1033
11 684
11 345
11 841
12 925
12 8400
12 1205
12 1122
11 1235
9 6201
10 1851
9 4576
11 729
11 1211
10 1547
10 1543
9 1164
10 833
11 2951
9 1080
9 814
9 213
9 413
9 248
9 345
8 261
8 1758
8 1535
10 703
10 3942
9 1248
11 676
11 584
9 920
9 1001
9 2648
11 403
10 1180
11 1212
11 1453
12 1416
11 674
12 645
12 698
11 625
11 1807
12 2014
12 1507
12 1172
12 1327
11 1276
11 1930
12 2356
12 1741
12 1394
11 1515
12 7520
10 3560
11 5571
9 2468
11 785
9 551
9 1827
11 1815
9 1609
9 233
9 282
9 2421
9 1911
8 2633
9 698
9 635
8 1318
9 1847
10 3351
9 2460
9 1618
10 745
12 629
11 677
12 958
11 1866
12 1855
12 1326
11 1171
11 3983
12 1176
12 1777
9 950
11 894
9 1484
10 201
9 50
9 12438
12 531
12 9957
11 1598
10 2275
10 1067
11 13064
11 1271
10 1550
9 586
8 1283
8 3244
8 661
8 1098
8 1613
11 289
12 2602
12 1373
12 4674
11 8237
11 6407
12 2852
10 1657
10 2233
12 1180
12 1235
9 1640
11 3923
12 8848
11 1472
10 264
11 456
11 427
9 615
9 2553
11 2141
11 2023
12 1152
11 2137
11 3299
9 921
8 480
9 386
8 234
8 4094
11 1728
10 1546
12 788
12 741
11 1349
12 1397
11 1626
11 2646
11 2578
12 895
12 2196
11 1189
12 1853
11 4993
9 827
9 3064
9 1924
8 1753
11 1084
10 10244
9 2399
9 1877
9 2100
9 647
10 1401
9 1740
11 1188
9 1774
9 1411
11 2794
11 8268
11 842
12 859
11 895
12 820
11 1185
10 684
10 2889
12 3164
10 6608
9 2474
11 831
11 3602
8 2793
9 519
11 1570
9 7406
9 2272
9 1072
9 3205
9 691
9 2046
9 1170
9 1608
8 1722
8 660
9 260
8 459
9 1276
11 3571
9 1590
11 1228
11 1616
11 1334
12 2203
12 572
12 1204
12 709
12 646
11 4353
12 2197
10 3547
11 740
11 985
11 1076
10 896
10 32
10 1780
12 1478
11 1050
11 2151
9 1054
9 1031
9 2038
9 1507
9 287
9 849
9 1796
9 1257
9 191
8 369
8 6539
9 521
9 1149
10 1878
8 1817
9 384
9 2248
10 1777
10 607
11 2149
12 1252
11 566
10 1803
9 935
10 5701
12 852
11 595
12 760
8 586
8 881
9 2091
11 1794
10 934
9 934
11 1440
9 884
11 1592
11 908
11 861
8 662
8 554
11 10950
11 2019
12 579
11 848
11 1340
12 612
11 8040
12 592
12 1094
12 573
12 937
12 10386
12 8005
11 1771
11 1861
11 2796
11 3913
9 1129
9 852
8 272
11 10206
11 2146
10 3507
9 861
12 2006
11 781
12 695
11 718
10 4013
11 2251
9 846
9 1041
9 2402
9 428
9 1569
9 549
9 660
9 706
9 808
11 544
11 3200
11 11112
11 873
12 620
12 1077
12 664
12 794
11 1326
11 2111
10 3661
9 4331
11 691
11 1707
11 906
11 1806
11 2126
12 2088
9 2397
9 2356
9 2772
10 2697
11 4699
9 1575
9 1152
9 760
10 663
11 705
9 524
11 1277
9 1573
11 744
11 2350
12 2023
12 563
12 6995
10 8347
11 1002
12 8647
12 2498
11 543
12 7465
12 5432
11 4103
9 4697
10 591
10 949
11 10691
9 261
9 256
9 13755
11 4181
12 776
11 1166
8 662
9 1591
9 426
11 4030
11 2276
11 2550
11 789
11 11609
10 1115
10 1113
11 109
10 2259
10 2330
11 1006
9 1807
11 747
10 1563
11 1644
11 2791
11 1561
11 1037
9 2363
9 4149
9 394
9 2489
10 800
9 620
12 547
12 664
12 547
11 4076
11 1079
10 711
11 16859
9 2779
9 1176
9 1256
11 481
11 1534
11 501
9 3868
9 460
9 10817
11 1679
11 1407
11 581
11 1004
9 1779
11 217
12 295
12 241
12 464
12 1153
11 2459
9 1743
11 12367
12 923
12 3427
10 1926
11 2513
9 1425
9 919
9 1978
9 11231
12 1881
11 1337
11 1015
12 692
12 243
12 8488
12 1820
9 2535
9 378
9 298
9 234
9 1049
8 1039
10 958
11 108
8 1425
9 2409
11 615
9 4157
10 5411
11 2053
11 663
11 1610
12 3272
12 633
11 644
10 585
10 637
9 290
8 2355
11 794
11 12727
9 1223
11 740
11 760
11 1998
10 1687
11 3167
11 541
11 1285
11 663
12 2400
12 1043
12 624
12 962
10 1371
11 751
9 1602
9 878
9 520
9 3691
9 1622
9 565
9 957
9 951
9 2077
10 712
9 922
11 2689
12 8029
11 2070
9 1231
11 3744
11 1163
11 881
12 3615
11 6025
11 628
12 1066
11 1412
9 967
9 4610
12 3145
11 3231
9 939
11 8048
9 935
11 624
12 1399
9 991
11 1635
11 1945
10 1779
12 1708
9 1392
8 1130